55737
3759
26058
7414
4729
120892
287
6445
7345
11315
7138
23400
6311
6331
7273
4287
26278
4000
7054
6531
1650
63976
1832
3784
8398
4607
6926
8557
9414
51103
11155
1621
5621
5428
7137
116442
1289
5568
6640
1804
9829
845
88
4629
65018
6622
4157
2316
5741
10060
1639
4864
6262
2629
3920
10142
25793
1981
70
5308
3728
54820
51422
84705
6609
23064
23317
3757
10577
6598
8867
2643
1312
3910
2702
6908
4137
7139
6910
2720
4625
23435
2395
54795
23594
1029
3423
775
25978
7048
4624
2318
5663
650
27429
57057
2896
