2885
23450
1660
1915
7534
6714
26986
23451
6135
10488
7157
6129
3192
7532
4869
9349
6201
3326
6202
6203
6189
9775
6207
6128
6141
6130
6187
1956
3312
6152
6154
6194
4691
7307
7189
23020
1655
6210
2534
6144
10992
6159
6191
6137
6188
6132
4904
9045
11338
4609
6175
1017
3608
386682
6667
1665
6124
5566
292
8517
3183
6136
5578
11224
25
3178
7316
3065
1654
6147
2099
6157
4809
23521
6222
10643
9641
4343
6142
6134
6160
6158
1457
5245
7186
60
2033
6165
5594
6143
10492
3725
51639
5970
10642
6176
26354
6228
1387
728937
24144
409
6628
7846
125115
9129
6138
2091
5987
6168
672
983
5295
4670
22938
3609
9343
5335
988
6193
10514
3320
4087
6426
50628
6233
7431
10419
9785
4188
388677
4736
10969
5250
6156
11331
6155
26156
6627
3932
6146
6205
6125
2801
6122
5595
10291
8175
6629
6217
57819
5597
3106
6133
4088
6229
6206
5966
6749
6208
408
10594
6224
386675
5356
10250
23517
7311
27339
10921
10946
10262
22907
22827
51503
9939
10989
55646
3185
24148
56949
1499
2932
3309
23524
7329
51428
8899
1432
5111
9410
11051
10189
9733
10569
55660
9092
7150
207
53938
7533
3066
3329
4690
9416
6626
57703
324
58509
51593
51645
8220
51340
51362
25949
367
10450
1659
6169
23398
57461
23405
55696
6427
9513
26121
3187
9716
10856
10521
9589
1938
4790
3303
4236
7428
5590
4163
4223
25962
10285
6908
170506
386681
9584
11052
203068
2058
7185
7919
6139
23013
10915
10421
386676
10286
22826
3181
23345
6625
11030
23350
1398
84991
6310
4686
9128
9879
1642
6432
25804
5496
10713
1314
51690
6429
1153
51729
2130
6434
22985
3881
8454
5430
9295
23281
7536
56259
8449
6631
27336
22916
3550
51747
6430
80145
5879
64783
6464
2353
6431
6223
6204
81027
6950
284695
5976
4089
8896
9782
4215
6181
8563
84321
58517
8683
213
51755
998
94104
51631
3921
25873
7529
9984
2597
57187
23107
29105
11017
6235
8487
7046
5928
7756
10465
6218
79002
25885
56945
5925
84811
23759
10985
8559
56893
6161
2908
79228
4791
801
5708
6209
6732
3190
27043
2975
54507
6173
5580
4673
5747
5901
6184
8451
29979
5684
497661
7314
1026
65125
6170
373
1459
4193
3191
9533
10399
6386
25942
1080
6633
6632
1994
6634
4067
5567
4086
79084
5579
2332
6925
51021
2810
9188
9329
3837
5599
1147
6774
3551
351
5682
6232
3014
51649
5568
51116
5581
293
7284
5094
64960
23263
55226
1748
4311
23560
166
9221
84445
5781
64969
7132
27292
80321
509
6949
5591
6613
57418
81887
1107
6727
9020
51202
83858
72
7341
388698
7083
55299
3688
7531
6772
55003
8886
6597
2064
10128
8342
2335
8554
54881
55681
51602
26608
5347
10513
84708
5042
6637
6636
8607
10971
5894
2771
55131
8971
867
6635
5300
11137
5584
3007
55037
142
5931
10289
5564
3846
6612
9146
302
386680
6598
1742
836
58
10524
805
84464
1460
8453
7416
1385
6256
5336
5582
5058
83878
6599
4792
27316
3717
301
4093
4292
5601
3866
7277
83755
920
9063
6601
5603
6606
4738
4214
9869
8452
5777
8467
2316
6500
9412
11345
3646
1974
8065
8848
10987
2547
10241
5359
9802
3184
10980
84844
498
5499
85302
10236
11007
841
2035
5588
4174
5709
5521
472
8841
8668
387
171483
5663
7205
4637
5515
4173
9240
2023
8241
857
1650
1019
3735
11043
596
6477
1917
8349
55791
6885
7917
9611
6850
57085
8664
2959
1933
1717
219541
999
1616
5411
7322
11218
1051
6449
3667
11091
6230
22913
8450
1822
9319
5583
3643
6117
2197
55379
1020
7088
2113
6880
9040
7704
1024
6605
8663
5469
6234
10454
147872
9759
4149
6164
6231
8344
5829
10253
6595
604
335
57159
2072
1025
8850
8662
6897
3055
4116
23582
6227
64750
6171
2274
11140
10480
86
7024
3842
7133
27258
2275
5705
27335
7153
5717
27185
4697
55183
6167
50649
309
5687
1022
815
140032
5689
5764
5518
6929
6498
6192
51003
10919
10436
11269
8883
11103
9219
3692
10772
3188
892
55093
60491
7323
220988
4005
5710
9094
51065
5562
5062
7419
4110
808
5688
3035
7321
55596
85291
5159
7430
10202
8655
84246
3313
5914
598
382
7251
83939
6045
2483
3801
3716
7417
9612
4793
1213
5921
8202
9861
1739
6872
5331
222235
1029
7421
89885
1937
23028
23236
356
6721
11198
7414
10283
55588
8648
4654
3838
5371
11337
695
10056
163183
5683
57562
80125
121504
81631
6722
545
3164
5621
11335
3308
84292
54971
60625
7874
5691
5707
386677
55094
80306
310
117178
11156
8878
3265
7161
6421
6323
7454
6195
3064
23612
3172
116540
5971
5788
208
7409
1487
708
57154
8819
5700
5693
71
51619
23043
7818
5170
2962
55090
6015
2185
8295
6303
3146
2010
7415
6648
10320
55729
23054
1537
6654
29079
5604
3611
11035
821
5451
8352
9441
6118
5685
53615
6602
5704
1869
9500
3875
8440
7082
5929
5713
83899
1386
2965
8361
2
6804
5692
5701
5706
65080
65003
4208
4035
84062
5702
5719
55052
4831
1962
64976
4176
5770
580
4137
23641
9282
3690
23411
57332
1600
147687
1856
10213
285753
10573
5686
79666
8350
5563
22806
124995
64979
5468
3689
3500
5441
9978
8290
2963
23204
6709
2770
148581
5431
6182
64975
373156
3091
2175
64395
51253
5690
6883
4105
24140
6418
23468
65993
2100
5092
3815
51073
705
8328
5694
64928
4129
811
5437
60488
30011
51263
10240
6810
2071
114294
64983
29088
51264
6183
26003
11100
51191
8087
9862
23710
10884
65005
6150
9801
51069
4329
64951
5718
26
84311
10036
26589
64170
6670
3654
1912
84319
54148
156
7384
64949
64432
29110
29093
28973
5695
1027
55168
654364
84528
64968
10284
4000
27034
84545
9553
54460
79711
28998
1400
5602
64963
1936
63875
2670
28964
740
2688
388697
63931
7385
51258
613
64965
128308
51318
9564
115106
5330
90
9440
4128
7334
6776
5296
84970
54948
57129
65008
26994
2065
28977
29074
122704
28957
11047
57120
9070
648
5565
7520
55173
3480
8335
54984
3198
5714
51642
23636
10539
7040
4233
219927
64981
116541
5573
7388
6895
5434
51377
51373
51586
891
51650
79590
1759
87
51023
287015
8576
10014
57599
8764
658
7525
51081
2902
6878
3324
1058
55161
8737
8161
220082
9968
11222
27089
1050
92259
1399
2960
57835
5600
9252
5981
4217
221
54534
10567
3635
314
238
5936
2623
7305
1021
2969
6446
30968
1108
7324
10015
6622
284996
7138
6462
5720
5903
4297
3276
10783
1326
8945
9443
54477
1741
2923
25843
7067
8639
2147
9688
9368
4715
4851
3315
333
10362
88
5340
54472
81565
4535
7514
10000
84140
9474
7158
1785
9439
3297
7337
960
387082
218
10048
112950
5782
4701
55697
4698
23118
7155
4720
4602
3306
5516
8697
116173
6197
8717
2648
211
57473
5333
6257
1059
27161
4725
1445
8968
4719
7572
595
4905
1639
9112
10006
7381
10657
10001
732272
4846
4722
10197
9493
90933
10152
4536
217
6748
4704
29127
4694
4734
4706
4519
8767
6300
4712
6616
2110
3856
29117
51079
3054
5201
9618
4710
4729
7057
6927
51421
29993
4708
10499
8354
4716
8900
5501
55967
5432
4718
331
55284
8289
4696
5716
10165
4723
64753
4700
4714
6603
5332
4436
9001
1452
374291
4724
55705
222
6790
4627
2931
4726
1488
10025
56159
4707
8356
7159
10975
4541
5071
7386
7170
641
23186
4709
5598
8357
4695
4589
2776
4841
51196
26292
84812
4702
4478
5334
113026
8353
5664
10933
192670
3032
6844
126328
4717
4361
1975
5933
3107
79682
355
23786
29796
220
6777
23198
4728
7020
6839
4171
4711
81
1778
158078
718
7535
862
1207
4713
286480
34
4731
223
9126
4539
36
8676
10318
9969
1647
8355
8626
3093
5868
3685
890
659
4318
23557
11244
8237
23291
4794
2475
89869
2017
2011
26258
79959
7248
8351
6938
10013
57787
10397
3030
54535
28996
6198
6647
8772
7048
154
10155
5587
8665
8659
10111
3295
11143
816
64946
572
4591
2521
9651
4705
3105
3728
55165
9638
4914
55145
5888
8216
22914
81857
23007
10403
9643
200081
54797
79577
23421
7276
8358
1649
57142
8661
8573
90993
8535
9261
358
6881
326
79813
5997
23542
2904
81628
673
5013
226
7187
9111
10526
11124
10765
8907
5728
90390
79839
4800
5045
23649
257068
8243
6886
8312
342371
861
7068
440738
4036
8651
10273
5436
163
4092
8480
2260
396
30008
5934
10445
1892
55758
9817
6921
7249
8428
3693
4638
5465
6879
5433
5979
219
375
8837
58500
9463
64105
5711
6502
4301
5982
8773
9051
83593
1234
329
9659
9093
6711
817
7013
3791
2968
7052
675
11161
5576
1740
84129
9470
84914
840
6794
1857
7965
8932
5036
5290
5592
154796
7018
643866
284001
216
10574
8815
9442
9737
5422
1454
1543
8601
79948
51720
7203
5394
8543
3572
1738
4678
55290
476
5906
8660
5147
51588
501
4842
23309
54550
2669
4804
5824
35
8473
10912
6456
9212
834
2783
7283
3880
2059
1060
28976
637
84078
10146
4802
4209
7273
3493
10477
2066
11200
3621
2775
100505385
6457
3708
55957
5830
4830
7750
7528
837
2782
9477
5721
9693
1406
5424
2002
84676
1786
23097
2068
80724
79172
6453
2624
6944
9586
1601
1544
224
653121
4172
3718
2057
8204
10474
1557
56288
79019
1277
5174
22948
51562
2189
823
1104
10207
51225
5610
3020
7124
10576
1000
56658
6837
59349
478
3706
91687
22981
664
6119
10382
996
113878
5435
10755
3799
53981
3937
2967
1588
9846
328
23389
818
4313
8867
55723
3603
84060
2309
60561
9140
4628
1832
79016
59350
6919
2773
369
10928
9958
11283
5152
4211
9372
54539
84289
1111
3507
904
6801
80258
5519
2194
64425
3605
3860
22978
7328
8370
5439
6093
2661
3732
5886
10891
4294
5859
2146
51
11171
1495
1999
9351
6874
8546
51773
468
3678
2549
10868
79801
8854
4090
8189
7184
80829
55717
3839
991
1072
8751
30
80817
23091
7392
5241
58508
842
79618
400569
8777
10342
1173
10425
29966
1789
5585
80705
6416
29086
2961
5019
57459
8503
10142
4739
5787
1595
8826
1572
3726
22837
5500
1280
2176
6811
8678
8687
9101
5609
7915
506
6688
6517
2060
6048
3745
5018
3836
860
79005
5552
6788
9391
3636
57088
10010
6314
6649
9341
63948
23607
23650
2491
6778
64064
1545
79008
7297
5217
51035
5315
4140
114932
6472
2242
7681
11340
5052
54955
70
8548
55969
79036
6829
7408
928
1282
8379
539
5080
4683
3280
8553
6853
6607
6383
11060
3827
160
1500
3292
5156
7128
6604
5438
6780
8915
3939
122042
10131
2261
51295
92736
22983
6293
4175
3399
5596
868
2778
10589
7015
1854
54927
84557
64769
2571
2886
10617
8802
2806
117144
7317
84172
2690
10174
2318
19
898
1644
147700
1977
11186
3931
5050
4998
4157
55611
405
348
4155
4131
4747
85280
847
6640
79797
7448
4356
1838
548593
2890
57602
2956
6857
5530
7006
2308
4758
5476
29888
49856
111
11136
9743
7376
7391
4205
10672
6484
29922
4224
5725
6745
4170
1514
7030
3301
4001
7852
843
63898
602
1053
7325
8887
64101
1981
4656
5898
3702
10188
412
9891
4194
581
5531
51324
23543
79165
1756
55577
9666
55929
5034
5795
8801
7923
4653
128
257202
2934
3516
167838
8793
1634
9448
10694
50855
2720
6655
975
23199
9814
5216
25902
5294
2966
54464
2247
3305
1958
9972
3676
51477
902
54512
84283
6789
27040
4615
9378
334
2588
5093
8362
1762
839
8359
51478
7364
6642
3925
83737
10640
10413
27097
54474
282991
7278
7298
10615
8148
5338
1508
8089
8976
5932
5440
83897
8726
1743
55120
162
50807
8294
8525
1891
347733
5281
8685
83756
2874
10788
164
114928
79723
4323
2768
170954
5757
4522
79876
7913
132660
1462
9682
84164
1796
4907
83443
3707
3294
2048
5861
919
55337
2516
2683
196
4605
29760
10401
65265
26523
11165
51545
27111
140890
26040
2243
8367
9276
5984
554313
1896
10133
10847
3978
10813
2268
274
123722
2288
8365
2114
79873
6352
4780
8368
23326
322
8364
253430
2639
1439
5577
5605
4773
10228
4771
8667
284312
5890
63893
55885
2977
1605
8861
1991
896
6871
4852
8366
2887
5337
1612
4999
7515
284058
3958
291
3159
440023
3293
55663
10951
64396
5144
8803
8615
350
5911
64782
8975
10902
11059
5426
6877
908
81620
126
2177
6482
567
22919
170082
54576
9967
835
1039
8360
7025
55914
3163
25788
80314
990
10482
7188
958
51691
8363
6672
10575
10376
10849
5054
1201
30833
8569
23265
7538
2199
26019
6767
3691
113457
7001
26043
8520
8943
549
229
1232
6624
80254
2903
6261
85403
6884
27229
3727
6923
682
3588
7332
388324
55907
57132
5106
9229
2906
55114
8936
7343
54331
2805
1788
65264
26060
388633
26013
2631
23005
3337
10254
90678
55293
6715
80271
54575
2983
4881
6455
8829
7363
25855
5134
1375
53832
9757
27124
2957
4782
51497
7137
6483
1374
4665
2647
1191
25842
3655
51317
55257
7027
10114
5321
29763
7086
1855
9342
222389
56548
124
54490
5310
9048
9841
114824
3848
7597
8874
6882
10134
1511
8208
57062
23197
4811
2986
126961
3099
4350
7114
57805
1803
388818
51386
829
7094
64431
64581
3661
353323
7367
10140
6196
27
114823
57822
9021
3945
5607
80854
8411
23327
57639
80342
8775
5876
4860
230
25865
1453
222484
7037
51160
5883
9266
2673
57144
84619
50616
5148
4582
29109
79843
107
2787
4023
54726
8431
27101
29851
5930
6773
154313
3339
4342
51083
6663
5867
7791
1837
4113
131
1315
9380
4597
26985
466
145282
2792
1656
7014
118
5985
7099
1410
6487
8412
91694
6873
1284
93034
6285
51510
54205
6047
55048
1285
7335
4606
54556
4281
9479
8302
54606
26039
9318
4004
9656
7541
8851
140735
4221
142685
8464
9402
80274
1230
665
108
118460
51764
23499
407
3486
1874
3659
2263
80025
64426
54715
1509
993
2784
5802
3674
51614
9031
2767
9551
961
54793
1278
2869
5265
3000
10797
5236
22934
10935
6720
7555
7879
80028
8500
57492
11001
10494
831
2159
57634
8818
10459
11164
84080
9734
51763
2735
57761
10490
1780
994
4801
7050
573
8470
54819
55388
338
11073
11193
29911
6615
995
3560
3398
9908
5885
51684
7074
26088
7222
3579
221504
2512
192669
6347
4296
1586
6924
6809
84466
55294
8021
9097
875
4216
8805
22999
653361
7220
51176
63915
9338
997
8704
2203
10040
10294
127
391257
667
4778
92840
11235
199834
273
51366
56915
8703
8600
8682
10606
9150
4225
23426
55454
5175
7280
3927
57532
84707
92421
5908
51643
4085
39
3219
56623
7764
5873
4646
137872
84687
4928
54882
53
92609
84105
2811
10363
2837
1610
339834
5864
149371
5832
1235
59345
5105
3615
5142
51251
51082
9223
10728
4286
4864
7490
27243
3304
159989
11075
79622
6279
8417
27257
25862
8890
51282
387522
84733
23435
2982
925
3843
6812
1478
9099
8673
6935
137209
8646
23062
9191
5087
2769
972
9839
22820
130
2321
1238
54760
1312
51100
6741
1613
55138
10287
4141
9469
1395
9334
6499
55536
9462
5292
9475
79571
2026
10534
2984
9577
5133
9739
7097
10869
9672
5467
84966
5327
1295
25898
26511
9246
4528
60673
81704
22976
55970
9796
54778
3673
10911
3561
4287
3454
353132
5089
79101
10381
2643
1196
125
1163
10016
55330
64840
55643
3938
25828
4331
9218
354
3029
56953
4538
284273
53826
9689
7486
7010
9425
10870
5959
1390
8471
9025
286016
4314
10963
23162
3073
22839
1272
127703
60412
3558
2006
7327
84612
9821
8493
2889
6716
22803
5525
387893
10687
11343
790
6275
55763
9322
8518
3984
51343
3101
388552
8260
51019
10681
22953
8654
9882
10097
7353
231
330
5339
2317
10313
6271
2786
3831
1978
128866
5211
522
85369
6319
11102
8766
79753
10458
5127
5909
54458
8239
3613
51738
51608
2079
79643
10379
10920
79849
2997
25978
1653
2790
5730
8926
10592
5272
4312
4735
5792
56950
473
1054
51138
5230
8527
5141
9532
4130
8881
23621
79869
5077
2826
2264
129807
22954
8061
56616
7042
3376
655
5037
1911
126129
2873
7089
140545
6996
2629
9454
10818
4915
6258
2785
9189
5119
57136
5800
284217
9456
5793
51776
84988
9619
2791
60492
84126
23385
23673
4692
31
100290337
5608
51013
29904
92
316
8120
1325
5916
23371
3675
3632
5915
5425
5870
9337
4985
7054
7422
55352
3364
222537
6696
5328
5427
12
9444
2788
84651
1627
5825
2645
2697
9826
5318
3612
10094
11170
5536
6497
202559
8853
3481
2870
7319
7112
9921
93426
57463
11066
6239
57594
10051
6470
6396
7456
7168
64400
1641
54763
9421
5145
9956
6262
79582
10138
10467
9404
10523
51616
185
9459
1114
22800
8812
9415
3784
865
388
27018
5660
2893
50515
3122
51564
5311
22941
52
11184
1965
93
688
10614
51280
1176
26122
5796
7805
122183
7178
4486
7402
5540
6678
1794
2896
3737
3074
3630
652
25920
23476
29082
6821
57111
114
650
5452
27347
6019
92483
10278
56478
7920
7041
1434
84264
80764
5743
2898
6737
4953
8797
6830
8988
124637
84342
3554
83992
4926
9804
55823
4282
3798
11252
5104
4882
1787
22955
10456
5962
390535
23048
657
4133
4594
8533
22828
58524
7780
2974
7471
51701
9131
8550
353145
51678
6638
3665
79595
5277
401508
5223
4040
220108
50944
1540
54973
3336
10629
10002
29844
23417
10274
3977
54107
2200
9955
7916
100124696
197131
5977
10540
930
6548
90410
55917
6785
6520
9883
6845
23404
7518
1635
11117
27342
3746
23429
2495
196883
91
6311
2626
7465
80279
3059
84650
4543
2793
109
1287
55790
5698
6185
3684
4247
79173
10746
3670
4345
10316
467
5887
3992
183
1674
8547
2741
6819
1116
165631
9450
389362
5225
115708
1303
374875
3956
340990
4064
57026
1646
1421
2070
8390
55586
7069
3225
56898
83549
162417
4143
29946
114771
1876
57107
723961
761
91584
93183
341359
10648
8836
8833
55116
51605
10178
256130
2766
51134
139596
390648
27010
2267
6247
653316
1716
162968
25769
2953
4693
1735
115548
113386
653689
1317
26103
115362
7113
29991
22947
10585
8694
63826
27177
84262
29954
1187
4246
51289
28960
54965
196051
170589
9350
255022
9645
100288778
122876
79178
1733
4308
100187828
5754
265
9262
79912
55149
64123
5329
84553
5125
153527
2876
25959
347902
9957
51692
3098
2583
290
22918
4950
9953
3482
2181
10252
1143
3233
438
4967
9863
29842
65109
6354
80201
9852
3832
4160
9951
864
122786
3633
5108
283899
29102
973
26515
10096
5983
6907
94274
92105
9228
23136
9952
7994
55811
79960
10062
55644
64711
84456
9139
712
5202
5479
23433
780
8650
7253
176
3949
26353
8852
340359
4091
83637
9482
5606
5733
55233
23201
10018
7709
7398
10498
140691
60626
11098
1606
2561
10383
2950
5204
5571
10667
921
7988
3251
2157
1948
1827
9217
8666
9911
10081
6890
4684
5279
112
51367
8085
2553
10656
4111
7290
5140
989
3845
4118
11177
1676
339390
26519
114034
89780
79184
26512
3948
57596
3566
5362
633
9646
51412
4513
43
5139
7026
3040
143884
64398
4853
660
8314
240
1643
7320
5167
4751
1967
113
9631
5742
8575
10239
7080
2213
3015
320
8795
2104
58533
5557
3028
51230
3437
57381
167227
4832
10075
51109
3953
832
5169
115
163050
5163
6955
54931
161
160287
378708
1501
9260
9043
2731
79586
4512
2101
5771
386724
2063
159195
80227
578
3795
286749
824
83746
80124
5478
9203
26058
6095
1969
150684
57658
54801
2188
4772
7182
10645
65985
916
285216
5048
91445
1951
54487
8125
5158
10393
51132
1401
26505
5783
2878
1840
57559
54544
2781
5364
4184
57096
7375
2958
51652
1441
5697
81488
2911
55501
267
27005
5413
2877
5136
11016
9377
54532
10787
6469
3559
154007
558
4929
51726
8050
6443
10270
392
3695
3980
2664
325
51433
11041
9954
4099
3756
10618
5110
26150
79696
9491
63908
5866
5877
5264
1045
2355
406
5798
51733
7345
4077
5293
8409
145226
3990
5558
1813
9135
51227
4222
4509
29924
5493
65983
3577
8526
6643
10580
727
7091
1828
22933
1052
79443
23191
9616
170850
10193
7039
7410
11183
2120
3455
2530
2192
51741
94235
3060
7718
2280
10947
253260
23774
10163
661
3150
9113
29928
5316
3488
3148
8506
3002
9400
5473
51517
10735
2022
5090
54386
5657
9183
64841
6382
4868
2752
7257
1294
285093
3897
57758
54361
1523
3084
22927
9557
940
6489
1003
5900
4689
51434
117156
10248
57678
3383
57697
9794
80308
29761
27095
640
582
84260
5428
222546
55291
23181
649
9570
197257
23243
7568
55599
10857
23279
56654
645455
128710
26289
22920
29906
29894
80834
590
332
4988
51005
2891
22895
27330
2705
84735
196403
9185
9729
23410
5511
55734
701
51592
23095
6476
51765
10542
4893
8894
9181
3973
5138
57180
2273
8536
8347
10053
2289
5774
9179
2539
5624
26520
2692
160851
6840
967
948
8233
23647
57474
6755
7494
4147
3852
11033
10603
7678
26146
7786
8339
1329
8115
2043
256646
23761
6440
5443
51520
1130
27343
3759
6441
2686
6687
84076
966
402665
6452
79760
978
415
8813
9138
51147
2178
2551
2799
4097
1271
57665
26959
624
29882
93974
3853
54461
163702
4593
146664
4261
5696
10923
84832
8570
7156
1973
521
26015
157506
11284
2862
64682
5308
634
5238
10558
64422
221833
5450
9963
91647
4942
863
1081
4783
27154
9046
56655
195814
54708
60490
64802
3983
727897
6237
9670
7707
2990
5494
9960
2566
7336
84444
89
10846
6521
83481
5892
3710
57146
117286
50813
4192
26574
79607
113189
222663
8825
79842
11067
5350
51742
23589
4488
10156
51053
90627
4084
2821
10664
55656
26984
488
81567
29950
51429
1609
80010
5365
84458
79717
3754
597
4082
55054
23163
93621
10808
10519
83444
4502
84108
10768
4068
18
10900
54840
9245
2804
10897
5049
6363
2879
4152
3959
10256
91544
3135
3133
4659
1493
57510
10892
6461
7077
9527
55698
85363
4076
8620
3092
6733
55740
9330
54536
5537
8996
2592
7003
3910
7301
439
5000
50700
112724
4703
8669
10451
64927
10627
79025
55603
5618
57804
79038
4179
2938
10557
8502
5208
7804
54925
9604
9325
286
2038
2665
51099
5998
2241
55728
79803
5160
1263
5143
9414
4922
23193
10982
2125
5162
6671
1757
11214
5940
8522
3911
7225
166012
2209
6779
128312
58484
23126
55629
138046
54935
55268
55593
2895
5345
7004
55872
10775
669
29841
3514
55802
6199
2550
391
7832
4232
4487
6348
3768
151636
1812
23114
51760
3157
5810
22856
9487
373509
93487
23564
10298
122953
8318
10211
6900
79637
1607
8608
5168
54880
9601
3622
55749
55746
10020
1363
5214
337876
8405
7143
5884
4920
23338
2935
5423
51171
5001
8165
7123
3624
79020
3895
23464
23076
6366
85015
219738
6009
336
57617
1031
7031
23099
550
54906
153
8972
84661
83541
5146
5528
5153
84720
1608
513
22883
9699
353376
6404
5367
10297
515
3082
6356
4916
7224
10529
1808
1615
23269
3049
23624
1161
7412
5291
26999
117177
55035
22893
8674
3553
10726
3008
1327
9825
5149
55902
6783
1121
5213
10551
10978
6390
84312
57689
85358
8491
9987
353144
287
5297
7433
2533
10109
1793
10616
10083
23594
5155
55954
91833
54700
27115
84100
7295
4647
1725
64772
10007
6723
66036
871
59
9091
699
7703
26128
51074
2152
55743
5803
26958
6863
10678
8721
28514
119
6934
1997
55174
60529
3751
58512
8343
80329
4867
5137
91754
64121
125058
8317
27044
84838
10268
10282
6092
114609
3356
100532731
9255
11201
11275
2833
55905
57506
6294
56952
118924
5306
6004
1174
79718
196528
529
2149
50619
3660
10084
6708
38
2492
5817
84695
8622
50488
51460
29978
91949
9076
1841
29883
79902
3170
10714
3757
7090
5053
23130
2037
5917
80152
11127
8346
2207
3350
11336
23549
5989
493
5495
25888
4204
2971
3123
3267
246329
9658
10063
6422
55503
1485
4015
80349
6002
89884
56913
6662
10267
79734
9709
51371
4014
10200
23268
85437
85027
8723
1475
8292
6016
5393
585
4833
10670
7474
54764
7862
7507
56998
1286
5586
212
2042
2915
317
11320
9495
10632
22894
3104
10556
9943
79594
2246
51703
8408
4641
414325
5880
27429
50940
11315
118471
51043
286451
55193
9162
5805
3651
6854
9685
2653
150483
4303
154865
81793
55668
55755
5902
6892
6868
2548
2054
57508
3576
5865
7169
873
100131816
2634
64399
8499
826
57222
10093
10210
4139
2972
140689
6775
79720
3912
5283
9971
3206
81552
55840
80143
26578
89953
47
5905
100
8541
341947
23239
81629
914
9049
8027
5644
55737
148022
51554
410
23396
5547
4302
4601
3043
8458
4316
23637
8724
6734
3479
10370
8880
6717
10817
8789
2132
894
4298
10682
5151
54978
957
1369
57122
2737
5648
10301
5923
55215
7554
51495
6660
9810
2155
4481
23192
6240
10466
22929
54093
7043
26227
5063
10653
10577
5129
10952
1871
51693
55824
92610
7812
4508
3033
10243
5662
4134
83860
5289
4608
25861
7407
7851
6280
25896
201266
4250
1630
9784
5361
253980
830
8643
9267
5066
1942
3556
379
8277
760
4057
9610
90850
58477
6689
3158
6623
55285
5991
54872
9767
963
53918
79369
29945
51535
4115
6387
7450
4168
2153
288
8856
3656
64240
56925
55633
2222
1409
117579
6286
8321
26580
23503
3704
151871
5627
55756
6915
9382
27250
399687
55722
732
5634
10476
55110
8266
2324
2313
1436
10087
1016
57326
6442
115761
8904
5978
2632
7706
933
3456
2290
4218
3240
1859
6241
275
10293
731
9522
1408
3419
571
80012
9360
2941
10190
401541
2034
3800
1802
3024
22992
953
599
22841
6014
1129
3420
8658
4191
191
114131
22866
204
6000
9501
8888
7849
10497
131034
259
5833
90060
23369
5150
6338
23085
653240
4248
6999
79897
23308
1617
7164
59341
83852
4828
583
5429
4544
1258
10886
135250
114088
3909
55670
51466
84552
85440
64218
23513
84532
775
84984
55844
9361
51534
118812
10302
516
54617
65123
9791
116225
11243
4884
150
10890
11167
23512
5631
4798
5224
6281
5320
541468
411
26824
80153
1004
3275
23645
23522
5786
6331
710
4666
3045
11329
10940
5926
116
79088
117159
10956
1018
138311
10758
26993
4803
445
3108
4741
80142
5653
4254
5893
5406
51393
5069
401
6690
26508
10024
2560
80789
51010
80852
9013
9464
55658
84152
2832
55770
2081
374907
663
8618
23019
145946
4435
3417
57410
126626
3018
642
58191
6385
23152
956
79026
4161
2734
89781
81555
9878
6817
6391
1982
23648
6652
6478
3224
3241
55195
2638
84433
969
55211
25777
6304
283385
84876
64375
8498
383
6402
6567
4952
23321
8754
9945
386678
26823
57542
10944
80022
9328
9423
2625
2051
53343
5520
5654
6337
7508
23286
10527
353141
23528
8991
178
55835
51686
54870
3075
955
90594
26191
9975
51465
9832
5961
2595
10073
5775
1468
3739
10647
30012
4094
4688
652968
3418
25929
5881
65110
2676
4899
2040
55332
4776
26059
55655
5955
27183
131450
3062
3662
30818
8985
643
51529
8038
3761
353139
2802
80204
2212
84959
28988
22796
6445
81545
50848
9158
9531
56144
3109
1063
2936
56891
514
1760
23016
64854
284131
84699
390598
55690
51182
10127
10266
3476
869
257313
260425
27332
5195
5532
6011
7223
846
9587
728405
7167
9124
25839
8738
30819
4779
5303
3915
64708
10054
127557
546
10169
2678
9367
3592
954
51727
4288
64780
3397
1901
55738
977
2339
25814
1134
6351
9283
55201
5939
5753
8531
135295
2939
27232
59343
3713
8743
5878
3182
1633
2687
2180
56254
1950
23551
23176
27033
7175
4599
3824
93973
7783
5715
56246
1843
5196
29108
10607
11130
440321
257397
49
1270
9929
11187
6993
284004
2162
79027
7348
78990
9184
1007
60493
11074
5074
4854
2764
858
54891
9039
6403
2569
54913
1407
151254
124790
7098
1947
1820
54622
26136
3936
9905
57002
8625
7021
10771
286006
3817
23032
1491
9894
132789
55191
26229
10009
114569
10345
3552
124583
6503
23090
3680
5164
7978
715
6010
3606
6121
8790
64837
2151
6480
51762
57616
79659
8445
3257
720
11179
6710
5209
64333
317671
23122
2171
286826
10691
2205
55819
10533
10538
4676
3431
55324
26073
2067
140885
9141
57511
7403
5819
83548
10392
5243
51164
974
79656
1195
84669
1476
51422
1237
51124
80835
3991
10799
11344
64147
7035
10563
1288
686
4759
26173
2224
53358
5534
10204
8831
23270
4283
7979
7038
6389
29068
23413
10938
23164
5313
3375
2679
10566
11282
7844
11045
79447
57402
10690
25796
4644
158297
471
51561
54894
6888
114971
3039
4055
22906
1482
23380
4862
81926
79980
92304
5863
349565
64689
3281
1602
347
353332
27148
6367
10214
1447
6444
23157
7272
6355
10483
10468
3891
79833
1047
553115
255877
147381
8513
22924
27287
1814
2554
433
5252
2562
403
64137
5198
2641
55894
30812
65078
6760
26056
338382
57379
1823
1231
1154
3594
696
5727
30000
5407
3981
10135
11260
11267
6277
3620
91768
9388
10153
6401
5834
10327
4855
23428
64112
728071
55355
5862
23057
3593
1621
1198
8439
9702
400
1394
6342
55832
5480
29948
2947
1437
79050
57117
200845
1152
23035
64080
7266
8614
51719
2182
64210
3205
91703
9636
900
3050
83734
155061
132228
246184
2187
1687
56957
10959
6645
10331
22943
3316
5073
6964
7976
93010
51734
8106
55262
9913
1906
65266
8940
729230
93986
55340
6906
401135
6818
27000
6712
8609
10220
887
254863
8740
55160
6753
2572
126792
2252
23479
23533
54926
3796
56181
7432
9100
7166
10661
7936
1356
91746
2202
3884
5636
54919
4824
51659
1731
84064
79890
3087
4043
112609
55031
3360
9583
4750
6428
5449
58157
3683
5828
2237
159163
2872
56243
4733
10717
8761
7075
4836
9379
8337
3162
2322
57554
3595
627
6590
2244
3672
85415
7045
169522
23139
4150
26127
4069
79023
3814
5524
90957
912
93664
3811
23493
9630
114883
114884
5899
11234
57630
5154
51103
58528
23633
3216
10095
8631
6843
83640
5275
3952
51778
79706
81563
6252
139341
6746
9667
80328
10055
23523
1211
1308
56970
54165
481
26135
6549
10654
55666
118881
93474
10598
102
6249
81490
5527
57333
9353
10263
5454
6326
55143
4760
5539
85287
23595
9536
7442
57584
57472
5226
85021
3679
5346
9311
3141
6904
1192
5355
158405
6596
57464
924
64745
55276
51024
5286
94121
25970
5481
392197
3386
3034
689
4897
3840
22861
3081
10762
25897
8649
5522
143241
1490
57801
51699
1839
3857
63978
53637
9149
4856
1945
1831
11034
4987
54432
6752
1119
1875
79735
64785
6091
55968
3235
2954
25816
90293
6945
136319
3371
64601
89797
7296
959
4354
9227
8914
4245
6569
774
25851
84106
5079
2888
3854
7005
7871
51617
81876
79003
25945
203245
5341
57176
5874
51626
3490
374659
112483
1471
1378
1397
2707
2039
3627
24138
126375
1618
321
5504
10215
4784
9833
30816
5408
3083
3299
30827
55534
7726
2004
30061
7498
10026
10201
9014
721
7940
79415
570
7504
4103
7019
22807
3586
54344
6891
6876
4645
58510
4843
4190
22930
65991
22888
6059
4879
9144
9472
7379
23002
9529
10398
23770
1345
57698
1512
7975
5218
10572
9627
1503
9753
4253
29880
9590
55022
55327
80108
819
3930
29982
2627
55851
51361
29080
414157
4616
9519
221184
8728
4924
53347
2266
8828
9521
5260
8496
635
8906
117245
4583
1520
10841
63922
3858
3851
5745
219333
4534
8787
56901
429
3484
51206
10973
10815
7589
54815
337972
3562
199870
3987
65084
6814
814
9694
26575
84937
171425
22795
629
29927
26228
11316
5372
84273
51256
81608
23132
8794
4300
6750
639
90427
126070
4100
9457
63827
10905
55007
29926
80304
796
5189
10750
5837
2160
53371
4322
8567
98
6103
2214
9306
5629
93145
10212
9270
4153
7593
8905
26100
6550
9867
1123
57680
1131
5287
148281
475
4839
6693
54860
147744
576
55339
931
23039
2272
1798
7136
140576
5008
7294
9793
388372
1070
3155
9747
57862
947
100288797
134
4849
80021
6875
2937
2161
2532
6273
7126
593
4212
10811
8434
26036
4284
94025
3217
22878
1281
3640
9669
4878
117143
3053
1535
5523
165918
6588
3861
23365
50618
8869
859
10475
5740
10874
9392
6916
5797
26277
2803
5122
7389
128178
7411
3189
525
1069
51265
6813
65082
3818
29920
2314
143684
55898
644890
2919
9507
4514
27131
2580
253461
23424
7855
51540
51224
2740
1604
9837
55224
6917
1845
984
10743
56647
2922
22909
266740
4071
3569
112611
10807
51025
55607
55916
137886
1877
11144
7462
163732
2706
23256
4107
8504
5625
23768
79913
799
54850
9453
9675
26249
27306
132158
3549
3151
6620
2046
57504
50
222662
79159
2668
1622
10623
23376
2675
9055
79139
3570
23077
7049
10525
10926
5794
1135
51341
64714
9545
1233
2108
917
4438
8022
6866
3134
2286
84221
527
55435
1158
2556
29984
51061
2150
112869
84294
1879
50863
1073
257218
29797
1719
9721
23765
84343
3763
133522
85439
284086
3069
4357
30837
55041
8557
4613
4617
7741
5791
2831
10092
8099
8792
9853
54434
4887
55540
7342
283208
2677
125476
148
64223
123169
84817
3298
778
7472
10565
2567
4049
23049
152503
5972
8877
6742
83988
186
55147
54476
4618
210
10865
8562
1175
394
56475
1729
3009
7165
7291
10611
1791
5083
1983
22864
29903
284252
3096
3156
147
5021
8074
8407
5373
2494
11135
6757
54440
58525
3698
1479
3868
2917
56904
9253
55814
158345
96459
81853
3202
112885
1513
2523
5068
114822
1388
7076
94005
64320
638
5947
63928
22974
6357
1894
10724
51569
3841
3423
6360
64130
8403
192111
9947
85461
25778
5780
5575
1629
11069
8574
29115
7443
8309
10460
199720
56906
6361
51567
3425
80209
1438
1013
246175
1030
2948
1267
6423
9970
5447
3310
56984
10019
10658
55662
84502
54822
399511
64129
55920
64326
130340
8560
200558
6236
79169
65117
6827
84701
79738
50852
27125
23129
63940
8073
4850
7106
3565
112401
654
282616
6340
23368
79155
3125
5207
55156
4651
22824
55679
11273
51199
8323
79623
51213
929
1215
8566
23113
51504
26047
9924
54910
56852
81929
9015
9774
79444
3211
79695
8029
80781
1431
9478
283
51107
5268
55072
3385
84254
10208
2901
2920
58529
10203
9576
2892
24139
3762
115992
29956
1944
3575
64151
80726
8733
7755
10431
4885
27246
51560
50943
25793
1806
7469
386672
8508
3067
6370
3037
51322
1795
728
8720
5645
2834
23299
1041
276
5869
3625
143187
27156
30836
3736
3568
2047
5806
10226
166979
3346
11176
8741
90874
6902
9445
374355
11040
6867
4052
8910
1964
2992
23382
4763
112399
348980
3996
2115
2813
3778
57610
5996
3694
55636
55869
10078
51076
57521
54
8997
115426
2557
4026
800
414301
23145
29116
372
23397
85294
9373
7016
6376
6510
11266
25844
84790
9706
375307
1946
11339
2140
22797
221823
25915
3352
1984
133
10733
6001
6050
2356
22809
11232
5190
3459
84962
1861
5635
121278
51364
85365
5741
27165
27338
713
149461
1137
8394
8760
7441
22823
8916
27289
80005
51657
22853
8820
5203
10972
22808
9516
79090
154810
6324
23420
64106
84285
7464
3021
56477
225
23677
5358
84313
5047
2027
80230
5130
55008
23484
5860
9744
8862
64773
85376
84872
5744
5395
9722
362
84679
151888
6504
54820
2515
5317
5076
23234
25937
11157
767
92906
2719
86614
89882
135
84447
4607
10332
10955
5913
1040
10049
55585
55512
10522
5589
2976
1749
4620
8924
7102
8476
3209
80318
717
3619
29899
79931
6546
94
190
27230
9167
820
716
9413
387032
51380
3760
55062
57573
6278
130502
6965
1870
2671
57489
255061
65263
376497
27252
7347
286827
8178
3196
1528
27087
3227
610
3145
55620
642559
5699
6013
7265
56850
2745
5641
2287
1414
25936
7078
60343
2593
7436
5116
10484
55500
3663
55742
2829
57708
2257
51474
84296
78992
66037
4795
3821
79648
10130
9568
84967
11113
11261
5414
7867
23287
5460
11065
23166
7881
8870
53944
9554
11274
55272
22836
9868
636
8718
5734
9406
2555
2201
9874
2036
103910
6751
1380
6641
6399
2139
706
79837
4956
7477
9320
64397
55367
79109
51150
1736
4056
5027
54941
8675
57498
1293
29925
11133
25776
26086
54704
9326
4829
10021
81570
116461
2717
3906
25764
3614
733
3664
54545
3174
79096
440552
8288
63967
83538
54413
3421
10621
5723
10489
57670
57010
80303
29781
2319
55068
84231
6860
1289
147841
10219
4306
51301
57541
5126
4520
7084
5973
51135
55845
9898
29959
2107
491
57534
10430
575
1959
23295
389741
2817
6617
7275
55166
85445
197
2596
51667
2848
60314
23654
3872
51552
10957
3712
4902
54623
9919
3964
57731
10232
23001
7181
7884
57097
51177
8892
1477
939
103
65108
284403
55715
2909
10369
8082
10426
25934
164592
773
1504
51142
28985
5784
3628
9422
30835
162989
2812
388646
8942
5187
1737
23367
408050
55839
157
5593
7289
2987
7423
125170
90861
1675
1415
9455
55964
118738
6508
1
135152
9525
8844
3382
4351
196441
9517
8871
8893
57448
59272
55773
10988
162655
5091
4642
10471
3596
79673
84867
4898
84547
6096
10469
10422
9815
9961
9560
23500
51329
55859
56946
64754
7293
6495
1603
8578
9187
7447
8725
23467
56886
1032
117583
250
3242
23534
4189
1141
1124
348995
85359
8911
51352
26009
2650
200186
220965
9738
3758
10613
80199
744
5366
9575
54902
7110
4158
57555
55297
3458
60312
3117
54033
23168
3176
1146
3658
151648
22926
6738
1349
5550
7827
4148
6736
962
3963
57716
352954
41
9244
942
8928
6291
579
2073
23184
5549
2271
7349
2582
9064
120
2736
5270
10686
9727
79977
727738
2342
22872
29766
4629
5267
283869
7029
30834
1264
10541
10245
126868
2044
2559
80256
9647
2045
285489
7058
55216
112858
64219
55704
9468
4257
51479
432
9362
25805
389
5009
540
64284
8636
57585
9238
8771
65220
4598
4009
2078
84074
204851
83743
2617
9842
3567
7763
10400
11216
9466
7372
11092
51004
2074
3563
55827
729
55139
11276
5778
125965
160622
56902
4034
6364
25791
7145
8315
3131
6035
10516
23475
26517
7286
10116
5305
8031
1585
215
57727
26206
286887
79930
27037
9935
6301
155060
6697
434
1038
2170
55806
4585
54960
7051
5965
722
57484
4299
81603
55096
339
4524
60485
6392
55159
2029
3786
399
4744
55312
8986
1576
1340
402
10793
23683
51257
84675
361
55250
1392
4586
10801
78987
23244
84271
377
64145
6406
9451
27128
3273
22890
55140
53407
25759
130540
5910
164127
53616
2695
79984
23214
23764
10844
9520
10741
6272
131377
311
124460
4913
23616
4144
2281
327
54557
7991
2167
8482
64215
51101
55521
22882
5376
9061
4122
26051
3581
8326
26240
10961
54974
84069
81030
57396
4603
9370
115572
7803
9820
93185
51236
27340
23558
8495
3699
845
10945
55178
27297
4317
2691
8891
3394
51585
120379
3767
83658
84467
1829
64759
4848
4276
10440
3347
762
149233
10059
23235
5836
9371
26469
10277
8715
8332
5912
11021
112755
10898
83874
384
153443
11253
943
7135
22900
10154
4540
9851
29058
255928
22870
79065
5271
3400
3547
148223
55888
152015
1236
1302
54540
163033
94039
116285
51283
3929
308
29893
25852
51548
84759
28954
79364
353
5950
6621
6407
10651
6288
58155
9858
2912
5999
490
5889
9103
80333
29777
3036
1995
94122
6284
7071
51072
140258
8672
23581
254827
51222
6833
6799
174
2800
7869
885
8784
1160
28986
8048
785
10942
4159
8671
10766
8396
4821
64100
285622
89870
4146
54602
7247
90865
23741
8324
1411
57540
29974
6692
3887
55333
3026
84894
6405
377630
50846
51375
1672
97
397
340542
121268
23495
54810
158067
1755
4289
64786
84816
79058
80233
4241
91304
25930
6898
129685
4625
55816
2487
8729
57719
4919
23158
6344
151246
84446
177
4047
1464
256281
2049
54776
554
58513
84665
55739
1350
80185
339403
5020
116379
26119
10105
84640
5510
632
54212
2005
5192
80006
58503
8731
7580
4125
63971
10244
80174
8322
54908
9403
23462
10238
26001
55148
399947
22871
4437
594
353091
2258
23473
81618
6820
9918
440
10157
7784
771
6700
29124
4886
915
11190
51438
1028
29089
63894
889
55109
551
9555
254173
26151
51444
10781
84307
56899
100132285
26118
1404
23431
10148
27158
11063
463
2693
400714
5529
79816
57134
80184
9079
714
220766
2184
694
2118
1797
7405
381
5813
9499
32
949
10487
3765
4640
153733
29949
79465
284119
64798
27012
594855
11215
1084
56001
6566
7059
252969
10179
1909
252884
83659
3703
494514
79589
10067
5871
55553
7134
8732
4353
55075
6869
29113
26287
10011
3985
85509
66005
63891
57820
85406
155465
55768
440730
3855
9231
5319
3773
221955
4883
203
3587
1412
4249
4548
146760
10749
29968
83540
386684
10017
54716
3918
84033
84171
3195
5251
3239
23604
4835
8935
4041
1346
23613
57591
123
22854
83853
5455
148066
54903
64328
1908
57551
5456
114879
93233
6513
10814
286499
6018
6768
27247
87769
5368
22859
117157
57048
10206
9844
6747
9026
4900
8463
5348
219771
1746
5990
27255
225689
2235
4145
4807
79095
8974
9419
3487
266812
80723
3849
29123
85444
55871
55504
5789
26168
57186
50484
153769
93649
3038
93107
3914
7204
7032
10579
23071
5266
55700
23492
9047
50859
5232
11277
6282
57561
90226
538
9278
9818
84142
8078
27113
7173
9108
81788
10110
80700
9075
81537
55127
51808
3005
10452
93436
9066
11168
6400
6997
7551
136227
10486
29107
1339
53335
404672
1182
6675
1062
4295
4008
11009
115207
58985
161742
51090
219699
10295
84148
10554
119392
4066
6120
54892
7984
83747
51530
23335
25884
8325
4058
5024
1337
5194
1008
57135
58480
55210
3169
3764
3766
9526
83638
1159
3384
9467
56252
80335
10325
3916
9915
51655
5409
388389
7516
80746
27178
2052
56896
100526767
3738
28
2009
26330
1178
7142
5010
83851
8436
5166
4756
51440
4975
24
54538
64866
84440
8759
84693
84056
1347
84196
4121
56935
84705
3077
55906
8227
1005
11285
84232
3416
139716
1361
92597
430
5161
84938
10549
1366
5046
10461
1783
9873
56895
5611
6358
4982
8727
10588
9541
4974
1113
158
5269
54658
100131997
9369
9789
57817
9644
6786
29994
6990
220134
11330
3270
25813
2326
175
6770
51550
196513
129521
84335
15
80270
644
9724
27129
1001
23360
181
30849
10272
57082
283989
26064
83937
158787
375484
10564
3835
1673
462
28965
55752
57148
54518
3485
54478
6870
9107
119369
7163
7108
4007
196383
131669
5255
54921
57017
7072
51637
84282
9232
340061
2122
11011
56924
1138
9572
170712
2729
48
158399
100507436
5927
23586
23172
10673
1351
54453
11151
10769
27238
55622
51268
79674
22980
6373
5284
116841
5354
1149
9024
9994
84181
7453
23387
56955
7695
81029
5307
8863
8497
404665
3351
11311
51205
149428
1809
64777
79596
80223
90480
8788
23312
51272
1305
5649
3428
8462
388774
9230
1068
11154
138065
60496
4277
57188
4352
55004
2585
65057
9550
4018
91653
81892
9588
64061
23529
4237
55720
80198
8399
2230
23089
2672
2312
685
1993
23390
137196
56923
1291
8864
4048
130560
152006
54828
25924
1365
23498
10773
134391
9202
84332
79102
9530
9397
27240
1082
64850
23640
6657
27071
64216
64421
23598
404734
825
8028
30820
54210
4925
29097
4207
5896
9781
5920
9289
10922
1066
23658
8079
116983
55974
51663
3229
55319
1268
342945
51285
51633
5737
57113
23047
339448
1446
79042
148932
7697
6519
1910
54855
51744
2696
333932
100653323
5023
220136
113452
29789
810
79768
971
7105
55561
11325
6887
56993
140739
10953
23332
5858
9248
6242
10326
26133
1316
55735
79669
1435
163126
1442
6611
7781
63920
128853
3626
27175
79363
144715
765
9465
84939
80824
348487
1824
6619
11097
54438
1678
116986
9118
10481
7360
10066
56650
838
118788
22858
122481
79047
28755
54505
375748
2619
84934
8835
5096
8338
754
23092
11217
1821
4889
6297
2822
126526
7064
55198
10260
643641
7096
29128
283349
3604
56894
53822
79078
7517
345
339302
22822
4799
56000
64098
5506
60684
55182
10076
5261
5995
79083
11180
4430
494470
64843
2217
64127
23352
57592
3543
441518
2137
29071
22905
9133
8995
55011
84303
78986
3006
285135
10101
80347
84662
6374
56997
9510
91179
1244
3822
51604
4580
7857
8404
8811
84441
26108
4255
25780
23339
9265
3889
11129
2742
833
9931
5210
2798
59307
84630
89848
7905
57530
6928
80222
2186
2488
14
30851
7728
51096
79077
84678
11332
8796
23209
3888
95
7299
25980
51255
57674
56649
788
51194
11189
3238
2208
1805
79784
8481
55837
3687
10763
2016
9321
51022
80155
339965
25913
135112
113451
1968
7351
10411
7122
118424
7044
2581
121536
23063
7111
118429
26960
11116
54751
55049
182
189
29915
84248
5349
55167
278
83844
26297
3642
5228
3777
26155
9776
26061
5801
5992
6905
54932
2158
1990
9806
5763
2520
6728
607
7918
5029
26152
11036
222255
9098
79729
64376
126119
26873
64081
10602
114990
886
3090
9632
57657
57403
2897
6329
7139
6309
1949
22899
9314
30846
577
9925
253635
117155
55243
25801
7424
2138
3097
1455
10587
40
8091
10296
136
7476
138716
3208
10628
10859
10747
5831
255626
27141
143098
8200
54997
79745
55855
79947
3175
83461
9578
79754
23471
9411
6046
146
10845
57455
398
23386
8313
3597
4063
51009
10008
2358
9559
728642
56344
94081
284169
2531
2868
55269
51382
59340
91977
29947
7008
54106
23082
80351
3752
4891
55850
25932
285672
387856
79657
259266
883
4921
9697
51700
10899
751867
10039
8804
23051
2305
81875
5081
285
24137
29998
85377
85378
64343
196472
1290
64006
6238
1728
10435
220717
1012
27301
1510
81576
51330
8301
1103
214
1677
55212
57667
3001
4239
140459
1998
23072
2098
92912
10068
1164
285782
9723
2587
84206
1943
84932
83700
11334
64902
112936
29121
8521
27231
200576
8739
6259
6041
129831
26230
1815
56681
4775
26098
23769
55081
4669
27065
9173
3061
2618
55326
326625
9892
9787
54554
55273
26271
23580
7356
3804
51714
388531
5015
83695
55707
6375
23617
55231
1522
1122
8939
56927
4012
10235
23304
26525
6317
51296
51455
3269
58473
149950
150094
2925
84993
5818
129868
2249
115817
346157
347734
57576
140767
132320
10924
147525
11248
1583
9159
8908
80262
653509
22931
57161
9942
23705
6098
50818
54514
58487
10725
239
4892
1558
65990
51207
84258
57162
116443
10330
5298
26272
1846
10636
80344
9770
10432
8395
2277
8834
1551
1559
56302
4267
1638
5526
91734
79152
677
56897
10550
143425
8925
10910
163071
4595
6531
23064
11128
2894
6729
782
2000
80232
54511
3720
196477
51388
283987
84525
7775
81890
79089
54567
7326
27304
4126
10954
51514
153561
64919
3775
57409
9241
3460
2204
11055
153657
11333
26524
140460
26751
51327
10121
29889
92689
7260
23392
192683
64978
51172
123920
5464
6822
10804
63925
80831
3913
8076
1463
51669
79658
735
4552
6846
78996
2674
10562
256933
122769
1816
340419
130399
8565
389015
161829
63932
5612
10939
51668
487
55249
8780
55342
7444
130752
9169
51162
64324
128977
4050
10570
631
7023
54812
6439
793
50937
10380
8859
51319
153090
84203
90589
79174
10913
3439
10126
1010
65018
8692
4072
6855
4815
92799
7850
8443
8468
1903
55353
27023
51086
23585
85007
7022
10069
23087
114791
284297
254170
37
10112
535
51582
84749
5924
124056
8545
55124
6295
9446
201181
10249
116113
26052
8898
359845
84905
23623
7511
10043
7475
122011
6253
752
5553
51621
1033
8153
341
926
137964
285381
9214
22879
79728
137868
60370
80221
6559
57003
84950
84958
85479
11258
124220
6343
10300
23569
10555
55626
56848
56479
7773
23418
221037
51435
51596
2254
6942
51042
54878
23331
2796
2815
53353
56005
3631
326624
4991
6505
57586
251
23075
27042
1364
7221
91522
152789
2944
8514
9168
29990
11213
1848
1524
7473
54206
1448
1667
6573
54977
8100
89890
64710
267012
79693
157773
6583
55600
6836
96764
51008
7753
8708
7546
11004
10385
8933
91369
586
92399
80742
65268
729020
23384
8330
25909
10120
53340
2584
55111
9701
79075
64856
7371
4291
23203
8927
51260
10970
60598
54442
51274
205
1120
23067
4619
84952
55023
27076
5957
6932
130940
10423
84067
92140
29896
11078
7592
4986
9503
51806
79840
8131
55973
10124
10993
23313
2905
11142
127833
23219
11270
7982
5891
23608
55217
9156
1071
7350
779
55311
51807
10742
51001
54918
84376
6865
9060
3993
200958
51157
80332
56944
2206
23154
3785
55278
7358
282618
27072
129049
26002
83547
50804
1384
3792
84315
9205
64072
6490
10044
5082
83463
378884
9125
22863
3741
51307
60401
10106
11221
55422
56992
23310
1890
4485
8218
90799
54874
120892
90070
443
60385
3214
79177
57118
28916
2014
2914
26259
10361
6861
5165
10288
128869
9180
51735
5199
5178
7070
9312
2746
57178
6618
2660
10346
11196
3998
6576
4336
50604
114327
55638
55304
23025
945
587
1212
285679
11152
7458
23644
23414
10666
10438
30814
11319
374
139212
10855
57050
357
153328
6731
9344
201562
56204
9355
4680
3807
1318
55030
6299
54765
29967
7841
8604
55055
84975
100287932
54462
27190
3696
26037
23743
6468
7980
1417
10443
10635
84245
3358
246330
50512
7390
4762
9170
114897
283518
126326
83729
8516
11146
83606
23177
387755
51374
51378
6289
2028
55506
132954
4074
11230
55274
279
2303
57684
201254
257364
7306
11342
112802
374403
2712
9871
79850
10949
127002
10137
79814
3236
152137
57453
9771
51305
1144
9798
7087
1952
440275
5351
286514
114792
8763
6327
1373
80218
5442
81551
121506
8736
9735
121457
115827
9982
55808
79939
55632
4633
202051
55702
53947
3805
84365
79616
11155
9540
51168
58190
116985
170463
3221
9363
10495
4123
337974
10060
2733
57405
60592
55092
3813
10038
3161
5630
9750
3495
51166
91147
2012
378
56926
608
245711
8572
1106
54900
53635
4671
8742
54795
80830
10472
57496
10625
1810
23678
55805
221120
1536
54946
2315
57673
85477
22928
3823
1807
51389
7629
277
8529
7100
6553
54541
6496
27134
25988
6609
4124
81533
3772
56676
9512
9399
5646
941
51094
23294
5191
55922
2644
6005
2323
1139
2762
51186
81858
92129
2239
140901
55301
10045
83660
55616
79009
3908
9950
4200
8128
127933
2993
729515
29935
9749
758
10485
5498
155
23
56648
59286
23112
60528
2633
255488
26205
9690
84787
23272
2193
8705
5184
2710
9700
6744
7694
100132565
6594
7727
340784
55716
5132
427
375341
29085
130813
375056
9134
23381
7267
203259
50808
3957
29941
388228
84101
255193
51513
147660
57147
140803
23682
9912
338412
84337
4242
375790
80178
7813
282617
9600
54998
81839
220164
91526
29969
4332
83786
2779
6349
9019
8402
57823
285074
83861
79866
84103
6514
57522
55209
4677
4650
91056
84061
129080
7056
7574
91750
159
445815
54221
441208
25904
81794
2847
29078
84570
140597
3820
6305
29843
7053
2628
55017
8139
6754
26528
338785
171017
4946
10600
134353
7461
10716
2899
3589
6447
9890
7745
261734
80761
26278
29934
84305
51523
6792
390
7140
1465
7009
9044
2354
4935
23012
2730
80149
6651
26257
57580
92591
10848
1311
8809
79899
8564
51127
83990
149069
64806
11061
3283
6943
9088
4687
26034
65056
30001
10307
89790
3816
10803
9050
55142
3598
54583
3601
25900
59348
60676
54785
4135
257144
54857
28512
10507
9899
51442
1420
6653
11228
6835
3934
441241
54958
10164
3249
25928
6094
55558
4059
5569
284
6362
4507
768211
26254
79156
4681
1781
271
8192
2882
53405
90423
114112
65009
4060
5055
548596
9409
11231
5514
92979
4968
27300
11108
55651
6579
9498
306
54967
421
9354
1801
83759
117
9524
81544
59269
3972
54814
1534
51060
7200
783
51379
2056
56905
8634
3483
84340
25833
2913
54433
5678
6759
10597
2219
6530
6608
8490
79733
64207
55750
4054
84766
9615
202333
5257
55437
50650
8036
9948
55890
55701
1645
5276
27236
10608
54981
923
84516
10652
64744
11188
55775
50511
79158
27086
200185
112398
11112
8987
115123
144100
1046
133746
9748
9726
23216
23406
266747
25831
58506
57621
4600
6435
54938
440568
6372
84154
22845
25766
10907
5799
51252
7789
4496
84617
54843
389692
219854
6758
23031
50717
10791
2946
6665
23165
11104
151987
5095
84224
57190
83696
92595
80128
114784
79848
10371
5651
81847
51304
51347
8623
60489
8556
4774
441212
10449
323
1889
5325
51106
22818
23208
6330
254187
84859
84620
6036
8187
8930
163590
7171
23704
3638
6543
55615
7216
57647
9779
3975
22937
114836
54936
154075
23478
2245
2395
10794
114548
248
85456
23066
23148
1088
4909
27315
6509
161582
9242
435
285971
26276
6398
5746
283152
10736
3753
23230
55509
64241
79635
59338
523
51031
84280
147179
5731
54677
262
58494
9778
8336
7545
64599
146540
9209
150274
9764
80150
84726
10159
143244
9256
23137
57175
671
283150
60468
6419
8929
11197
5378
64648
64663
1382
84188
3709
3578
100294114
10391
9502
3600
64778
8519
6336
4537
29886
662
5732
286297
23210
8934
407008
23149
23601
54821
1800
23111
5118
84942
2747
79705
2517
1075
55661
1727
81605
285346
25925
3200
4258
51475
221613
83892
117194
7802
84316
7429
2357
4908
100049587
8745
5993
10360
23195
2713
11122
23474
145957
29057
140825
51231
348303
28227
51248
25994
54802
11099
23224
2018
9887
285527
3781
9340
80019
83933
88455
4319
8644
51575
3714
23539
140432
93100
85476
9172
55846
2525
54922
55591
84861
79810
441150
1825
5739
51522
80020
6251
27022
66008
1200
56052
2444
6571
4489
84936
51606
26610
403313
909
28396
23022
90834
474168
54437
27237
84522
10537
57214
337
4863
3623
81928
148103
27349
113115
55177
192134
1105
489
7174
170261
92856
7380
4038
80007
168667
84823
2649
57515
390616
3747
7941
79724
151194
23229
135458
2760
9033
8224
64374
9220
4808
59277
161835
2191
252983
1470
57509
51780
11039
92345
55684
4154
3250
84920
83719
162427
8540
55102
84527
3475
4210
55568
6558
1620
51454
25782
84333
9765
4927
8698
125988
2131
84656
8092
57687
7355
1155
8689
51804
1443
10644
80896
25901
27151
50509
5724
80196
55227
4335
58526
1652
3218
80212
64859
144165
50615
81873
64651
4494
9652
51573
84954
10365
53354
117166
26091
5948
4321
4663
653
84929
29765
8711
1136
29106
5016
4781
5826
51028
11346
3491
57693
283576
2119
56995
130617
64600
5396
64221
57486
1413
10321
81669
142689
59339
64770
79602
337879
2642
10659
4622
1584
57215
85366
284391
80205
50861
1893
64393
85013
283455
79719
134147
11250
27445
7903
55080
84085
563
26153
51447
27122
8270
222894
3590
51661
1953
23657
23555
401024
2994
1396
57685
1849
57099
4325
6707
54431
9712
10927
9730
653808
8969
56956
7527
4338
10528
55677
11236
1180
129531
4521
6691
29
7374
54069
10319
1298
81855
253827
169966
57213
55229
2050
150572
9027
5360
8195
10605
221937
79751
27030
3070
3078
5025
65986
9110
392255
3489
1297
22873
2570
125950
147007
7692
26145
56911
55038
54970
84893
200734
2334
283459
1996
116349
6926
223082
9741
1571
23568
25818
54471
5980
6756
22993
3933
116987
9073
29907
5935
1036
9895
23373
167826
151531
57060
79921
92482
29997
9625
3783
23646
170961
440603
55125
8013
163059
6334
54542
8941
2861
27132
10612
8291
200523
5623
2739
4880
1730
100529067
10447
9648
4818
27120
4674
1300
23038
79892
162466
7270
7466
9247
27063
3607
57169
23379
149473
79663
3430
387923
54552
10099
9437
160140
6522
25837
8425
1048
3797
94115
7148
10683
5650
79763
84623
54502
23102
79446
55171
2694
1145
5453
8348
149420
5509
130013
9436
23480
8613
2168
719
79915
8019
146059
94137
9901
79598
133015
138429
28978
3119
201595
63917
121441
284615
130557
65987
7993
56063
23178
114898
26747
57126
84272
56917
23559
285141
353497
23008
92815
93611
79661
8785
57045
79836
79039
196374
100294277
84329
656
85407
58516
57662
9966
55810
286075
90990
51360
285205
6493
25946
1056
10877
1260
56938
57799
10199
55671
79987
9728
55240
901
10336
8633
57336
23303
114907
84460
57556
57470
312
2823
161882
26160
55266
115201
64943
55829
1193
51193
7702
55857
9201
10552
3127
6674
6017
54869
441362
6536
84107
387569
158798
2250
54543
5738
54951
60487
54972
54976
26225
27327
57514
3094
6782
4814
9145
7746
92737
58160
5028
53905
80273
27242
55937
10168
81617
22891
23301
84168
8807
8808
3790
23509
79707
170685
342666
84218
255743
64093
7799
79885
241
905
90417
307
27284
30844
26190
116840
157922
79576
2700
9711
6274
9401
7062
6532
100132979
54520
120329
8832
7957
55300
56943
283078
51676
22908
64853
442867
51566
259232
2744
56940
6911
55527
27430
151230
79187
59067
55361
54682
51119
203228
9332
8970
6695
80023
11076
64434
3126
3960
162333
622
2519
284418
51185
10914
2030
10950
333926
163786
8479
7809
23592
4947
10544
9973
27031
83985
2563
2774
2001
57715
51226
9585
1636
23463
90249
2995
1009
253769
51209
57447
23173
5949
4660
64096
7252
344148
23223
359
26762
129563
388701
81579
9086
23511
1773
55867
8882
64764
6591
4017
53346
8174
6658
26251
7434
55958
51112
3047
8605
8427
10512
84957
256302
23140
3212
11141
56157
10247
10368
1628
10324
27443
8912
55757
22977
57338
55069
122553
3557
5176
91252
80851
23228
7922
54585
130951
117581
2077
80176
84873
9985
51666
10209
22885
25824
23059
54443
985
5872
7201
26057
55024
26140
3535
55086
6703
57192
6584
7571
10276
23532
51102
51122
100133763
30014
83999
157285
118427
552
11020
537
3112
26224
9828
3118
149951
25841
55164
23506
6764
3396
8624
221472
54866
1292
64499
283237
5128
6318
27291
6668
79691
55365
23578
23065
55843
90459
474382
4053
1489
4588
26750
79868
1370
83552
10785
7011
5193
112744
25875
51306
374454
160065
83452
57649
55122
3048
10107
399761
4857
54923
261726
201294
23354
3266
8419
100132406
8045
23141
55154
3017
440258
6283
3422
944
8444
144233
57172
23609
84632
51702
23179
3885
80345
3434
8542
57646
286053
10434
1118
6339
404636
10125
79886
140612
2529
79646
7047
84186
5822
376267
84922
55813
245806
22877
55118
573971
134701
2295
80097
84277
201965
89858
2232
11064
11321
64926
84174
84897
23552
56547
83605
84539
123887
784
140807
64857
84634
8269
29091
57624
5322
63027
340719
54039
166793
85362
23635
10023
1208
30811
140710
2255
134359
29802
8537
1101
139728
79072
23190
8611
4973
132204
8817
26231
80325
730
55628
4293
81566
90121
23241
79991
340543
7104
4062
7711
10994
1830
25820
9827
283551
1140
26054
9518
54469
55531
10906
1819
168417
528
26273
441521
56729
285367
140462
339210
7066
6166
2253
11083
114790
83871
9742
23042
84515
29072
8329
84220
55578
6547
154043
64111
9022
49855
646214
23207
124857
151
23133
9489
51181
56975
7120
79679
56929
146956
55692
145258
9208
26298
84536
10198
128439
7766
90355
100533105
54949
29953
84065
116092
53916
115557
55565
54762
6511
28970
55777
26207
58491
200504
55176
3171
375260
56673
6903
1734
11272
91289
3426
7095
79073
1184
27102
777
7033
26022
5671
976
53919
2820
29890
51088
54930
91319
11313
10147
27159
339231
56257
220213
11255
119391
4033
115650
9375
4547
3803
51052
283464
4197
56474
6730
6664
152330
246778
7264
56652
3012
29070
11219
23037
6506
113675
259217
5304
84073
140290
79574
23011
7738
55971
10144
80725
163154
8781
27344
85451
56301
22990
2526
94120
89796
134285
11082
285220
22
25836
4604
115948
10916
159296
431707
80778
57325
3357
881
112752
142679
55288
3779
90007
81559
64781
60436
64225
284904
81848
9497
10943
79642
55778
9569
84674
5444
124404
23643
10328
23283
9
63941
414062
23246
51002
54957
6359
11145
79365
3362
128240
317772
5994
57794
113130
56341
57563
965
3433
9204
91133
729238
126393
25998
553
26232
9992
8800
6793
51493
4234
58475
57519
6941
7566
64800
10221
3113
115416
79441
9166
2195
9123
444
22925
9069
3231
23469
6525
387338
651
11094
23053
23264
10042
91404
152
55095
51267
51660
115352
23370
55505
3232
6936
6346
9859
114902
5617
10181
79858
23034
84875
100529264
27130
84833
4162
10810
93517
1186
256364
80110
84498
283373
23024
7770
10444
3215
155382
85409
2331
22794
54862
54865
11096
8774
89927
140606
9175
137492
79624
171392
79048
64102
4355
342132
3115
51512
219743
269
3503
10893
83464
140461
65059
90411
23746
126272
51070
28962
25972
54499
80309
54861
2918
27133
23328
30845
1299
7942
115704
29965
4820
29887
3284
9823
1266
64407
26031
58986
7226
116154
27202
81786
57018
344
8637
25996
7288
57605
84461
5031
92822
28955
5533
22881
3300
53339
8416
7582
55234
79142
128821
199745
134430
4901
22848
3681
55
8612
11070
5967
9054
56165
9271
57664
344558
1179
6910
79863
9792
9805
9324
83707
93323
23040
10427
55664
91442
55795
6769
57019
79817
1393
1960
79171
79137
407738
144347
9962
116143
11194
952
171568
6557
10418
134957
92359
2865
90133
146691
7481
6726
84992
55576
5546
2251
9263
79034
23660
112812
136895
28991
813
55854
64518
27254
51665
5551
10668
2867
337867
79188
114805
54665
63976
57619
57189
51133
3207
2543
64506
822
100288160
3234
28232
60681
4976
23138
130162
4649
24142
51143
6276
84985
51085
55915
9429
10879
55619
3750
6263
10979
81610
11080
342510
8140
80762
255758
55012
7644
270
140850
54209
83439
55119
3954
4046
729873
80228
50506
58497
29923
25825
55809
64787
6901
83983
10586
129303
55718
29970
150771
7556
164656
55680
150472
171023
9856
16534
6614
134637
26548
57642
9563
140465
11264
874
54939
51599
79791
3111
10005
51538
8555
131890
26071
26097
84996
81557
55150
9546
55719
10390
112840
81607
56888
60682
56667
10802
64779
51187
29028
54933
5554
1939
26471
4010
28989
8530
90864
55841
50632
8693
55748
92714
117246
51016
58505
9053
23567
9315
26586
84125
84102
3537
29995
337880
117854
8209
54830
2949
64430
51399
112574
683
55803
170959
3902
81493
284656
257629
29992
28511
56006
64283
55904
84866
84864
148523
654231
25950
146057
4340
56241
116835
89941
149483
158471
51027
4969
55196
7633
79736
440184
23231
23233
129138
51402
57523
25953
2998
79685
51527
22874
3749
5004
9637
64332
148327
340205
3268
144455
142678
391104
348174
26017
387101
203547
16
134218
55856
165721
23600
2220
80727
3700
23150
151568
8030
199
9655
3755
8398
51603
4359
7369
25827
84317
83446
346288
4610
2702
144501
51316
57560
7287
1357
10428
8544
2041
81609
11056
9210
155006
23125
1466
28952
79654
128653
1902
63916
94103
25763
64784
84767
3965
57502
10158
54962
23603
8448
55251
246100
5274
755
57216
4326
64092
8778
8840
3682
22832
66000
51368
10591
201725
128272
94015
79632
79180
57104
5100
7352
27321
150421
221935
85458
284194
22821
57650
30009
378108
768
2248
2794
3574
23086
51056
85865
51018
9686
10553
23266
54994
23014
84904
9677
5613
91875
9476
221692
326343
4753
51141
10344
20
8621
4796
64746
6328
9068
10948
9628
9294
54754
283742
79370
57335
2621
653226
114571
23481
11178
90780
197259
319
147912
22911
6494
5475
54836
23108
51574
55170
51067
9535
8539
151393
9514
339345
8424
1611
55252
27350
10885
9855
8994
9130
55103
51118
201176
56605
90407
1907
6515
57179
23708
727800
92170
64844
1690
547
946
220972
79583
2814
653604
84752
92342
728689
7125
84141
738
122622
58538
9758
27434
84279
100133941
9002
79882
51706
249
26033
23041
163081
94101
339366
474354
116442
51654
54920
3213
83903
8263
5457
50945
255967
285733
79686
83539
7259
51247
8842
23185
910
5570
3226
64005
127428
94107
57223
26094
84309
153684
51651
9783
9352
7553
80709
8799
53917
5324
29767
4745
727837
253738
654346
26748
171546
51068
220441
84830
3497
54521
27329
9847
55308
56963
128229
7130
146722
5097
23588
139628
4495
11093
29780
934
51300
7292
84057
51297
126382
2165
83955
89874
22884
64403
1241
5756
84265
147945
11278
342574
51400
57038
11031
51339
79953
6676
4931
55432
90655
5173
6585
50810
78988
219988
8822
57786
6713
2296
10663
57531
201292
64718
169841
9761
92335
23353
653219
123688
25803
9698
80331
3697
10752
26085
5956
22903
7079
729428
150084
83478
4978
246
91419
126308
1663
7716
22915
11006
202459
51233
5314
7268
1758
51155
54681
4185
159686
85441
51409
54940
8382
5502
6066
147372
22798
1259
9215
57620
64478
10965
353267
285362
55787
51499
29062
23779
950
26263
57106
51397
4634
151188
283629
143
122651
1593
8447
90441
115509
266743
5790
5897
79874
283212
84807
286301
83595
283234
115677
8744
80011
51201
9581
150082
4498
9949
23225
3068
51184
85300
5555
26953
1429
23334
9087
51271
9182
23061
285596
3903
6097
26092
8340
285180
65989
10218
64135
84281
10800
23285
9857
158809
84901
162699
81569
22834
10457
1444
970
22950
388695
57707
91661
10626
9988
1954
51232
9083
2921
7468
55349
9766
79677
23541
196483
81611
55559
9788
114800
9649
83596
64582
100289087
56342
84688
64062
9509
5670
390226
64747
1589
79841
84219
28971
27173
253558
54954
4259
54663
23554
84912
55329
92999
124245
10850
64761
54904
374618
57524
79812
285613
119559
11018
55281
1044
3445
83693
1525
6580
148170
6535
9965
146845
374879
157638
203562
51298
253714
1852
89876
23314
7769
9398
51311
1456
5007
1313
23760
158427
64109
118472
92797
11077
154790
56969
2020
57171
55014
987
6913
8821
10881
4626
51105
8475
115290
54058
23437
23109
375686
80208
199223
55034
80031
2590
131118
55793
146279
5239
11279
116444
54737
79641
81624
6699
26279
337963
63943
55163
81539
339745
6523
3381
623
374650
84898
3892
6039
4675
100294162
3177
165
6909
126374
3920
282049
25939
84324
83752
64184
57827
6023
1565
128872
7620
132321
140628
440193
8406
6473
644903
54769
91782
55769
56919
199221
157310
9889
389421
158358
5256
79925
7177
55084
55554
22142
53904
645
28966
84063
366
83942
11072
770
100293534
25876
7399
3886
123283
79183
51309
64087
26355
4632
23583
389834
79004
56922
7564
7586
7581
64699
5954
91624
148413
5626
93129
26827
10695
827
55848
5067
10072
81844
4817
124801
79035
83714
56267
4360
85236
7439
64388
2328
84775
5827
343521
51647
55761
54101
54108
51237
79698
79699
116138
3204
415117
8897
79923
28620
65988
55776
55256
51705
113655
57622
7036
10641
130872
96626
23412
6492
57185
51451
157739
145270
9695
55153
53632
55799
84951
54014
55246
91151
9552
23026
4661
4016
5420
55900
6565
148254
23363
187
440915
4324
25871
7621
10981
11158
10395
90102
126133
10455
10478
7733
93661
26749
64083
54504
134549
55070
8433
30850
87171
51279
201163
27036
23276
1102
27348
64895
285533
23466
57578
79022
27123
7579
2166
23170
56704
25853
57292
493829
146849
2535
4061
22936
56937
27436
6683
56751
84191
84955
10280
65258
399979
9085
4938
63935
5620
85465
2703
482
10622
79800
85293
201501
7378
57092
6582
1132
168544
9104
257054
84239
84976
252839
84310
124808
79901
8839
29775
56675
340706
9768
100129791
84700
22984
8938
124540
22944
6320
91137
200316
3237
6586
729533
25957
259197
9990
4990
55683
339047
51752
171024
54868
4327
9877
57054
25979
378465
83475
55128
57690
124590
23288
55207
80731
57696
9808
84331
28793
83440
23317
54680
4923
9725
127540
282974
2622
147339
6838
10410
23078
80856
9152
133619
203523
94160
93663
91663
60313
26262
57369
57282
54985
653048
140706
2053
3442
51601
55714
54929
23293
28513
54345
10335
5470
92344
49854
9136
11014
9603
54531
4685
23093
9875
127733
172
794
51144
134728
2013
55032
2215
79140
63970
340481
81888
5075
1368
22801
54187
284352
3904
79092
54888
1811
7318
170622
442868
7596
2979
64834
7625
55833
5672
197258
1580
9542
9732
80895
50809
7730
51473
23254
399665
80317
23161
11147
114793
268
113174
11126
9595
23518
100293737
23253
141
7227
392862
79778
9936
57488
8446
79871
9623
129880
163882
10998
4515
23300
26234
4664
4983
646480
130916
3669
1668
114132
3976
9989
2849
11326
116071
9692
2652
26012
87178
201798
122060
7115
91612
120071
219790
54961
6568
3311
140707
53369
7503
23362
493861
10058
10721
200261
375035
2576
283820
28956
81792
339230
3494
89891
206338
404550
256369
401251
84133
10505
1109
55020
202134
54739
165100
137392
221786
6369
113251
388272
8638
150864
9662
10782
283248
80063
26233
285671
164153
56142
55627
163859
25758
150372
389136
151112
6940
79001
7549
165324
51759
64359
23336
92070
55322
55798
9910
1670
147923
2819
566
116238
333931
117154
25975
9885
9211
246243
164832
51126
125050
79085
29066
7757
7752
92806
1428
7866
54959
84298
541471
666
55423
63979
57512
8786
54620
1579
51291
79792
23766
284618
4201
55966
283685
23620
220002
79017
25977
90268
55184
9310
25870
9132
6003
221981
10767
342667
81502
10100
6474
123606
10990
139324
147807
80823
9635
23060
51170
55027
9933
731682
8814
11314
7359
4682
2109
285464
55786
375033
89849
2307
9900
5033
4439
117584
23101
25940
55264
518
91582
90326
932
80237
93659
51537
3788
347918
56882
167691
54495
54806
50964
259215
100144435
284802
84779
4643
2743
140609
159090
439935
9678
219899
11005
89857
84034
58472
283160
221468
394261
339416
23215
284338
79652
3508
84680
725
55613
23271
55860
11257
54102
6451
79581
9640
80131
55219
64175
100293516
57609
50674
26046
1133
55625
440138
55726
2019
51594
2069
125150
151011
83460
51136
162967
285590
922
51310
8913
9543
64091
6539
4037
9622
3359
79831
6992
51332
9997
11079
776
3447
140688
55502
85313
1296
221687
131474
51108
201895
3538
25890
23248
9718
496
79872
23262
3363
83932
414899
57597
64641
22846
122961
339451
4752
51130
54439
170384
114625
57016
23423
6856
59336
28969
1371
64115
126003
135154
51751
7357
8653
9313
57829
6581
2667
85019
3769
10314
170680
3046
55785
6414
729967
27253
10439
25927
26256
60672
201516
91523
138428
220963
80311
54873
1265
22843
242
116328
166824
23094
10196
254359
9914
9683
81846
93210
5445
51015
2169
51754
11054
221458
127281
11249
5652
28987
10102
5535
417
283768
338567
55228
255738
730394
51533
84451
284992
286262
84706
55847
166785
339967
786
57626
55083
151647
7701
10113
133396
51286
25976
79979
6702
4957
132884
91966
23305
219348
9684
158800
79844
7180
125875
9381
9736
81854
1496
79802
255043
56256
51204
23378
134510
1992
348110
7675
114882
55323
205717
10778
116449
9547
153743
84868
57505
144717
79891
26148
94086
84941
27352
55296
9755
285172
30010
100316904
339175
83998
1301
1469
84986
57763
10930
27439
100130086
6646
56255
57127
79884
8641
81693
8190
54149
79650
10730
134553
245812
10195
23394
415116
6448
642658
6341
399670
146395
55236
25874
140683
3705
57158
60686
169026
7214
84948
150368
23247
4761
54584
152007
389119
55190
7840
2980
55695
10894
10389
55589
11101
23255
22994
26130
27248
401507
5875
94233
64855
64858
30848
2145
51547
57628
79893
28999
113146
10180
9567
56311
116028
22998
158055
26504
57553
54059
51006
56033
386618
64860
10620
55036
112597
284680
55260
113829
79722
55825
55800
27032
100101267
79098
23762
124044
22986
84251
3354
84654
389541
3338
23119
266697
201626
899
1521
10299
221545
8714
23135
10333
284069
91355
51365
284040
27295
2864
51046
1775
283638
8437
114757
257160
55152
10745
78994
221914
147686
55614
23574
10776
83448
1128
5669
53942
9927
25917
91408
346562
23753
66002
80014
6656
3440
56160
10071
54867
1440
65010
116832
221527
140851
80704
23221
199920
8688
149986
91107
79794
114815
388585
10999
730426
221421
55861
80739
79161
445372
130497
56996
7404
22868
23275
8722
27035
9496
79853
913
27145
83594
29919
92960
85480
54800
203522
26236
23483
10052
1562
84124
56122
63904
340273
112939
255520
644186
26521
3645
115703
221016
51363
389114
9117
54893
54546
120534
27153
534
55204
139793
91392
605
113791
284276
89970
115265
152185
92565
84722
146894
2916
340371
79640
6541
57035
7558
10825
197358
6659
89866
2591
64419
91752
25894
6610
84946
56141
27069
169792
2825
8507
252995
10904
23131
83862
11202
64755
6102
150726
283229
10437
89765
168374
9580
668
84179
130827
63974
2350
81889
8816
148206
54987
81494
55652
55088
51128
11237
389874
389856
84256
133022
8460
100291837
9816
134265
6049
10842
64386
5326
283635
115294
27004
146439
29103
23731
85345
56951
6123
7544
23780
171558
65095
84919
51115
113178
4285
93343
23212
7748
91614
729862
7092
114984
29916
124401
28912
9812
1847
3140
55374
728294
114781
55617
3512
55815
64795
3955
221718
9480
2577
221241
57491
93643
400720
85450
3833
51292
84626
4668
80055
65083
126282
114049
9538
132671
170482
114885
84725
80210
22987
29958
10098
55258
116211
284677
23344
81035
1804
79780
10908
64344
3448
63923
51715
375057
51125
55669
92703
80243
126969
440264
137735
9674
55605
81790
10806
245934
4142
10493
8438
56990
94032
10367
200916
3199
9122
56961
54734
5545
115752
168620
280
51284
360
1002
7373
255631
57821
2646
3882
84261
254251
55608
54468
5639
4624
57571
8331
9907
100294190
6574
5937
55699
84295
374654
51571
80350
78998
441519
56853
55133
131408
9703
57226
79587
389123
10136
440498
50626
81037
57095
375133
55280
653220
140775
51228
63946
22865
123016
63929
414060
92181
6296
79676
151613
728239
55223
2840
58499
201514
359948
144125
9807
10491
9235
10269
57165
10420
155435
114798
345757
51111
280664
55320
56672
1777
81572
1671
8341
84330
54947
100137047
27107
84284
54915
150209
317762
3883
727751
8528
26834
55074
8334
51078
22932
26164
54896
6948
55930
122809
51218
65259
338917
151056
10734
51334
10520
79568
55225
168433
51728
221830
6953
57057
1006
92285
54675
255426
255167
55335
84229
347517
318
64756
94241
128239
93082
130507
80777
83706
340654
26260
653394
55200
54784
27309
57109
201456
10194
10
55884
11185
6368
147650
139105
55000
79157
10738
51506
11159
313
56907
57606
6795
23504
221154
375010
81542
85464
79269
8534
9639
148266
1014
27019
23358
57125
221442
9829
26167
84896
83666
27170
55510
55132
729408
343035
10693
22982
5655
9937
474384
26137
153643
57520
8455
124912
5507
65981
8992
79295
54790
57116
3290
55187
4320
84940
54457
116085
22852
196074
440670
347862
84270
60482
84071
1979
58498
25987
161003
79366
5681
2589
26284
9704
11259
9148
152926
844
30062
91851
80790
5471
5922
50507
92283
1307
26468
54825
10251
1844
55188
55186
101543
1473
84696
57669
25893
148423
80169
84717
94134
130589
9731
55709
692312
91662
80013
79613
26269
64342
113802
80135
283643
124093
7767
55530
259173
5542
65980
388387
414318
54942
65979
2221
112464
9605
23587
221662
56242
54496
80067
2620
84926
22898
23174
84162
1506
7274
11172
3744
84529
374928
7162
57471
4477
51490
147040
7565
80032
440087
150928
401145
55197
22889
646
29952
85459
79633
50854
687
10581
29035
79647
285987
10217
9991
27127
124402
92369
55230
79132
80017
114785
29104
84908
9777
7141
79573
51148
115727
11199
56034
25923
121549
4256
51293
83931
342908
128553
8647
83648
65250
84457
387332
3652
54969
27244
4837
167153
3274
29099
79175
345651
339855
54455
9095
10630
80129
6832
393
55818
199777
64794
157753
25926
150383
57722
147791
63897
200132
84299
55199
26472
9824
7425
63973
220885
2928
219844
404093
83442
90987
83394
81554
51427
114825
64094
91869
23194
222643
123228
51203
84795
84300
114908
55089
130271
256297
346389
254122
10518
284185
100134230
124512
2302
152687
50805
79870
9650
63874
10085
1381
730441
115653
11341
54834
55691
6051
54600
57513
10609
90011
477
11162
79710
728492
344892
79740
149708
10463
3898
134288
25911
118932
54758
55005
8999
4995
8287
57130
167465
100101629
79896
10863
100292719
57466
135927
84304
152815
28990
23505
57663
92241
7737
79998
2297
57535
144245
63876
65992
80018
84839
64420
5352
58490
124149
54852
22844
2300
28825
9746
414927
10509
1770
55863
81706
8879
3890
142680
83900
7073
9620
158046
96597
55006
84639
3429
9275
84287
25999
170626
55286
79932
285855
8320
58515
63926
26020
9254
29126
23017
164312
414061
11226
728358
203569
125228
64864
57724
55703
79612
55015
54788
53840
5968
1269
84173
4102
55363
51259
7263
117248
129401
389434
158219
5244
23211
115950
10309
147011
9665
64285
283870
138474
2875
124923
339201
440145
445571
6388
80183
57568
5051
65061
158326
91373
201255
138162
146225
201299
10233
10417
5538
80714
440295
222229
51062
11062
55194
22887
23143
143689
56139
4635
221895
57798
91050
163227
55245
3802
286343
121274
54596
6957
114804
130074
64288
283165
54756
51059
4994
84631
10650
23284
81688
3344
28815
641518
25847
1486
55295
6815
126669
90462
125919
552889
2304
64776
54980
55893
1666
1662
79864
10590
55108
57536
119504
7584
84058
2846
254879
84290
65999
58493
9127
7639
3899
79904
55179
55328
85457
10718
26147
284358
114880
50856
80864
388407
7116
100506164
59271
283238
79585
145781
253725
9114
58488
374393
759
27314
25798
3501
11153
56140
84320
2662
160418
126298
51266
24145
5619
166647
56666
5078
170392
26509
9481
9904
8581
9884
123811
79024
2134
347688
5814
54859
57143
100287428
100505793
388077
283093
3467
493856
89777
90324
282890
91748
84259
79012
83733
7539
6698
441155
7837
65997
1472
84618
91574
142891
441273
90843
25878
57549
5099
51528
84465
114783
343472
116337
63905
26065
5544
1582
79080
160777
10934
25983
51123
222658
285761
57595
10878
79922
54625
55112
8538
84677
140469
57659
728242
3010
126823
285343
3730
91156
84223
136051
79665
256957
79054
79649
23030
6307
10139
404663
23460
5463
6507
55275
60685
81930
55040
9356
2978
64792
10675
65124
112970
255101
9751
80818
8509
353116
55760
286151
54741
55130
4081
155054
5309
221656
728556
8515
30815
10424
2900
84911
11163
258010
152189
55657
128434
51154
54020
64762
152756
196541
2565
8345
170591
65982
57037
10308
79968
3982
100137049
64321
10216
257062
23348
56265
161176
347240
440093
84328
131578
9056
83692
2103
80305
23127
727866
767558
144404
116844
79726
55621
221017
83699
79845
3263
151449
653067
5729
2196
83855
54749
51450
23491
23258
1015
10129
79368
8642
220388
26165
256309
55157
85417
167555
115024
339324
56138
112942
81491
80154
90134
159162
283377
57688
23400
23408
23196
147664
54968
84247
170825
79033
3809
9274
83941
29785
143379
27079
25973
79937
22869
125144
55146
55331
55107
84128
54441
26291
119587
100272147
100129842
116988
23438
6101
6100
28951
10123
54937
285190
149076
55466
493753
56851
11068
2173
55238
245973
83787
55175
55631
124739
54407
8858
151516
26286
8875
117145
203054
200933
79094
128209
4070
55572
57730
83732
10983
723790
3806
10991
58486
8798
151242
337960
342372
162993
133957
56163
84163
9993
23548
23545
57456
343069
51384
26049
9562
10531
55892
162972
28442
55624
219402
2824
127262
643314
254065
8603
145483
256714
25981
54838
3850
80310
257000
492303
1261
9849
151295
11086
343263
51277
55321
259282
57679
283337
162966
406921
166863
246269
10406
89795
23401
27245
152573
54360
22902
8170
126638
221061
155066
26275
79230
64173
617
92346
653404
22850
57863
84690
149465
23261
27067
79856
80146
286204
4045
57539
494115
100506658
441400
100529262
10224
7798
374354
2635
23315
140690
84892
56171
27098
29119
54956
57655
23277
140809
727787
146212
196549
644914
9452
7700
359710
11025
221079
100529211
3355
127255
127254
28234
51058
255180
219287
25792
4504
5768
54467
1747
338599
128876
272
284307
283461
9745
100533195
146433
79993
9928
165530
91607
11227
8372
6578
150946
114876
6988
83896
8293
25984
112476
79961
150921
26476
146712
90362
4330
4636
440689
9696
51411
7195
729603
163087
65055
51156
84953
57228
7482
113263
51195
54065
79684
55033
10610
1355
57732
29951
10966
57337
1961
349114
10231
151050
6894
9830
374666
503542
84968
154754
56145
144097
200539
53834
80346
84888
100130892
1761
23070
57547
200014
6526
64232
57692
90187
92521
92104
199692
26166
387680
116224
7690
400745
55039
23670
56271
89853
51555
84978
100125556
387882
6491
56731
9082
83607
55796
199746
139422
85397
79982
63892
254887
116966
84263
55909
54883
51071
84809
548313
8993
526
197335
29931
58504
134266
84886
259230
144402
114780
55346
374920
65267
65062
1183
11138
642443
283970
169981
9902
54587
221035
124599
84079
84628
389941
51559
162681
4943
4108
8872
54989
90113
83445
202
653499
10903
26112
54732
133418
9447
90204
1112
23446
55759
6560
6529
8215
29098
83758
56980
91893
50617
84167
387597
2348
56147
56146
221908
57007
160419
55336
2537
79716
79744
9923
143630
9657
284390
165904
3812
221400
7547
100287898
53630
169166
134492
23167
23576
84935
83667
105
22989
28984
1745
6248
79755
284427
27333
486
392510
4440
10464
23403
64743
121512
284697
55026
64110
3223
81671
124935
55002
1826
6060
10780
10809
653784
4939
676
283489
28638
56143
26268
54845
23520
26585
124944
81543
5229
55071
55100
727851
57701
85453
389840
26973
64847
100293130
11026
3466
11105
83543
23355
29087
79690
283450
474
8558
79750
23237
85395
79986
340075
150678
203260
55552
56674
57718
493911
51673
80323
79074
253959
93624
116931
54510
790955
23347
23036
26235
1527
3149
10677
84684
2346
7258
64122
55602
152816
148156
80380
80832
145553
5121
348235
85012
79068
25941
84645
7542
2981
259240
91894
116039
55222
171484
90557
135932
147495
339479
56137
7449
1718
729991
142937
27440
64848
26138
1418
6450
406952
6954
10090
644150
65975
83591
131076
29094
3780
401152
5098
4542
5197
5301
542767
51507
150221
84923
644815
90871
150165
26502
10473
89782
552900
23180
92667
51471
55013
23659
6397
64429
23787
23316
140947
10692
57614
51278
1360
151742
483
200931
124925
100287466
80086
147746
27077
161725
132851
729475
7873
152559
54555
285025
51246
10409
54577
51635
255189
54796
441478
219736
55144
58495
83473
220869
2538
55544
29101
117247
23432
51430
55567
84856
84622
9473
83744
22880
23593
5101
25802
78999
84916
51110
8505
338322
57507
2863
84709
57404
54901
91807
1880
168451
57579
79834
10744
10548
118426
57574
55082
51710
11262
387119
83459
653489
10350
9752
401288
58478
84641
127829
112714
121642
353355
50862
23784
479
10712
201161
90288
84727
140801
55713
22995
56928
8369
81627
80215
124930
26007
84814
81932
25832
8242
7594
197320
129446
116369
90488
8193
116496
203069
221302
79796
84878
80774
260434
5375
284114
27341
8577
2926
91010
158931
84918
440026
387753
338692
23029
121391
3441
57714
90321
64090
115584
51032
5458
284486
23116
114769
54475
10290
83795
51244
65243
8712
83636
11132
6433
64771
57695
319101
79145
84159
10748
51250
726
55347
55765
8857
9705
27085
79879
90019
27283
55450
55831
125336
148867
84306
3142
23325
126299
10479
84643
25960
56521
8645
50624
8895
83986
136647
23627
9296
54517
130026
9074
113828
84448
114904
90525
339487
653877
375449
55051
25840
221044
55998
153222
340390
51335
9284
1767
9679
440822
55706
23189
25963
80319
23242
84131
253143
205860
57546
4240
1548
54826
55741
221264
8735
55870
203447
2117
3502
80117
57030
64852
8310
79081
221092
64318
5357
64805
83641
51337
342184
91942
29895
143879
389799
282809
23767
678
2689
170394
474344
284440
79660
654483
1203
84960
23566
5673
84572
10599
23530
